
strategic_region={
	id=70
	name="STRATEGICREGION_70"
	provinces={
		2309 2948 2949 2950 2951 2952 2953 2954 2955 2956 2957 2958 2959 2960 2961 2962 2963 2964 2965 2966 2967 2968 2969 2970 2971 2972 2973 2974 2975 2976 2977 2978 2979 2980 2981 2982 2983 2984 2985 2986 2987 2988 2989 2990 2991 2992 2993 2994 2995 2996 2997 2998 2999 3000 3001 3002 3003 3004 3005 3006 3007 3008 3009 3010 3011 3012 3013 3014 3015 3016 3017 3018 3019 3020 3296 3682 3683 3684 3685 3686 3687 3688 3689 3690 3691 3692 3693 3694 3695 3696 3697 3698 3699 3700 3701 3702 3703 3704 3705 3706 3707 3708 3709 3710 3711 3712 3713 3714 3715 3716 3718 3719 3720 3721 3723 3725 3726 3727 3728 3729 3730 3731 3732 3735 3736 3737 3739 3740 3741 3742 3743 3744 3746 3747 3748 3749 3751 3753 3754 3755 3756 3757 3758 3759 3761 3762 3763 3764 3765 3766 3767 3768 3769 3770 3771 3772 3773 3774 3775 3776 3777 3779 3780 3781 3782 3783 3785 3786 3787 3788 3789 3790 3791 3792 3793 3794 3795 3797 3798 3802 6221 6461 6462 6463 6464 6465 6466 6467 6468 6469 6470 6471 6472 6473 6474 6475 6476 6706 6707 6708 6709 6710 6711 6712 6716 6717 6732 6733 6734 6735 6736 6737 6740 6741 6799 6800 6815 6837 6853 6854 6855 7139 7140 7151 7155 7166 7169 7172 7252 7268 7297 7420 7430 7475 7603 
	}
	weather={
		period={
			between={ 0.0 27.1 }
			temperature={ -10.0 15.0 }
			no_phenomenon=1.500
			rain_light=0.100
			rain_heavy=0.050
			snow=2.500
			blizzard=0.000
			arctic_water=0.000
			mud=0.000
			sandstorm=0.000
			min_snow_level=0.300
		}
		period={
			between={ 0.2 30.4 }
			temperature={ 5.0 25.0 }
			no_phenomenon=1.000
			rain_light=1.500
			rain_heavy=0.200
			snow=0.000
			blizzard=0.000
			arctic_water=0.000
			mud=0.020
			sandstorm=0.000
			min_snow_level=0.000
		}
		period={
			between={ 0.5 30.7 }
			temperature={ 10.0 35.0 }
			no_phenomenon=1.500
			rain_light=2.000
			rain_heavy=0.500
			snow=0.000
			blizzard=0.000
			arctic_water=0.000
			mud=0.030
			sandstorm=0.000
			min_snow_level=0.000
		}
		period={
			between={ 0.8 29.10 }
			temperature={ 5.0 20.0 }
			no_phenomenon=1.500
			rain_light=1.500
			rain_heavy=0.200
			snow=0.000
			blizzard=0.000
			arctic_water=0.000
			mud=0.030
			sandstorm=0.000
			min_snow_level=0.000
		}
		period={
			between={ 0.11 30.11 }
			temperature={ -10.0 10.0 }
			no_phenomenon=1.500
			rain_light=0.050
			rain_heavy=0.000
			snow=3.500
			blizzard=0.000
			arctic_water=0.000
			mud=0.000
			sandstorm=0.000
			min_snow_level=0.500
		}
	}
}
