5 22 3308 4464 4461 2027 4448 3433 4445 430 1489 4443 4438 2263 4441 4449 4454 3299 4459 3300 4460 3301 4465 3303 
3 2 3303 3308 
3 5 3312 4469 3304 4456 2027 
3 5 2278 4473 4467 6680 3312 
5 4 4257 452 625 1122 
5 6 4257 4250 4245 591 4224 3122 
4 4 4076 2070 4188 4193 
4 4 4193 3115 4203 172 
4 4 4197 4204 4202 172 
4 4 4197 2679 1117 4076 
3 4 415 1766 4247 3127 
5 5 4257 2022 3248 4252 3127 
4 6 3122 3120 4215 1388 595 4197 
3 5 415 4221 2266 3390 172 
4 6 4257 3128 4427 4432 4446 2027 
4 6 1489 4430 1743 3423 4255 3127 
3 8 1122 4253 2635 4235 4230 4146 4274 919 
3 3 4274 4137 4144 
4 7 919 4273 4271 4269 3455 2244 629 
3 3 4215 608 4271 
5 4 1473 3671 3968 3670 
5 5 43 1283 3984 3983 1473 
3 5 43 3971 3967 2318 240 
5 10 1473 3983 3989 3995 4008 4007 503 767 4029 1550 
5 8 1713 3072 2699 4031 1129 4001 3988 1473 
3 4 892 3674 1268 3670 
4 6 1167 3345 3341 3339 2742 1602 
4 3 1167 790 213 
4 4 2716 316 3359 1167 
4 6 913 3344 506 1108 3439 1602 
4 3 2716 1303 726 
3 5 48 3392 401 4139 1455 
3 4 48 4122 3387 3383 
3 4 1455 4049 311 3383 
3 6 1775 4039 3370 3067 4025 1550 
3 5 3366 435 3982 3358 240 
3 5 1775 3068 4026 3097 3366 
3 6 3102 4052 478 4036 2043 4026 
5 4 3184 2205 1217 1804 
5 5 3494 126 3489 225 3184 
5 5 3494 3495 2862 3491 3193 
5 3 1310 3484 3491 
5 5 1310 2888 3471 33 3158 
5 3 1804 3173 3471 
5 3 533 2081 5609 
5 4 5609 5626 5620 1732 
5 6 3184 3479 190 5689 3473 463 
3 4 2 2510 1158 3166 
3 6 1585 950 5924 5919 582 2 
3 7 1585 5695 5694 2877 1684 3906 303 
3 5 3166 1897 616 1712 3906 
3 4 3514 3512 3627 1315 
3 4 3514 3511 860 2831 
4 4 2831 1118 3517 2473 
4 3 2473 2469 3207 
4 3 3207 86 2496 
4 2 615 86 
4 5 3184 3488 1431 3911 2496 
3 6 615 4294 4289 1910 3189 303 
4 5 2831 3524 610 4338 337 
4 5 2532 4477 4371 4357 337 
4 5 4338 3235 3537 3535 1919 
3 5 1204 4507 3251 3252 1115 
3 3 1204 4506 1917 
5 4 2088 5452 2066 3617 
4 5 3213 3211 4759 2472 3617 
3 5 1352 3607 1464 3612 2088 
3 3 3588 1913 2760 
3 3 1146 3582 1913 
3 6 1681 3576 2101 3580 3584 2760 
3 4 1681 1639 3567 2779 
3 3 1681 3562 1389 
4 7 1919 4352 3239 4364 3553 3560 2779 
3 3 1381 4351 4364 
3 6 621 4078 4058 4051 4029 1550 
3 4 3077 5824 3076 155 
4 4 6577 6559 6558 6567 
4 3 6578 6589 6577 
4 4 6578 6563 6555 6536 
4 5 6615 6591 6565 6550 6542 
3 6 6483 6481 6497 6514 6515 6507 
3 4 6507 6524 6528 6536 
3 5 3366 2488 3355 1029 913 
3 7 726 3934 3936 2406 4027 4045 3102 
3 8 726 3985 3360 3365 3987 3980 2729 913 
4 6 726 5783 3348 2358 3440 1602 
4 7 1919 3234 2443 3529 1030 2838 3514 
3 5 3193 3492 1092 5702 993 
5 4 3158 1677 5621 5604 
5 3 533 2920 5604 
3 9 1585 5929 5928 3477 3178 4490 1109 4480 738 
3 7 738 4485 4275 2465 4494 4278 1917 
4 7 3213 3643 5428 281 3228 3536 5439 
5 3 463 3468 3160 
5 3 1732 3466 3166 
5 4 3160 5664 3466 3166 
3 5 2128 4515 4514 384 3822 
3 3 1115 3823 3822 
4 3 1602 2402 2222 
4 5 213 3336 5764 1000 2222 
4 6 3670 3667 305 1964 3952 771 
3 6 892 3676 4013 3369 3100 1713 
5 6 892 3674 534 3675 1047 1473 
3 5 3070 3372 2332 4080 621 
3 5 1713 3072 4067 2372 3070 
5 7 3070 3071 725 1697 4001 3988 1473 
3 4 6542 6530 6504 6489 
3 5 6483 6484 6495 6491 6489 
4 4 6567 6579 6601 6592 
4 4 6592 6562 6548 6542 
4 4 6567 6541 6533 6535 
3 4 6535 6513 6491 6489 
3 4 6588 6560 6540 6536 
3 3 5919 5918 1868 
3 5 1868 5917 1526 5641 224 
3 4 738 2435 5655 224 
1 6 1367 5869 5873 227 1702 2624 
1 3 2624 5392 547 
1 4 547 5397 5405 1466 
1 5 1466 2593 1734 2563 1184 
1 6 6807 6810 6782 6704 6727 6767 
1 5 6777 6781 6752 6723 3312 
1 5 6773 6759 6749 6764 6791 
1 7 1122 4256 4254 3418 2564 5382 2624 
1 2 2583 220 
1 5 220 3080 5853 1754 2637 
1 4 5096 5081 1243 173 
1 5 5038 5050 2749 3084 5054 
2 5 5096 5081 5061 5052 5038 
1 5 5038 5052 5040 941 5046 
1 3 5046 4179 2755 
1 4 5054 2274 5074 61 
1 4 5032 5044 5064 61 
1 3 5032 5025 1075 
1 3 1075 5001 2771 
1 7 1075 32 4990 5007 4985 4967 4958 
1 6 1075 5012 5010 5020 1418 5038 
1 7 5008 2514 5002 1559 100 4987 5005 
1 4 2771 5000 5003 5005 
1 4 5022 5018 1127 3680 
2 4 3680 4988 810 990 
1 5 3680 4993 4966 96 4939 
2 4 990 4937 2792 4892 
2 6 4892 4903 27 4923 4926 4939 
1 5 4818 4834 4860 4881 4887 
1 5 4818 4813 4801 1346 4769 
1 5 4887 4907 4928 4951 4968 
1 3 4689 4683 1560 
1 3 4807 4814 551 
1 5 3237 3662 2791 4943 4958 
1 4 1146 3575 3579 3574 
1 3 3585 529 3574 
1 4 4835 4847 4827 4846 
1 5 4846 4830 1487 4839 4838 
1 3 468 1786 1253 
1 4 1253 3596 2923 406 
1 3 1558 2905 406 
1 4 1352 3606 1458 1558 
1 7 1253 5634 5639 5668 3603 2336 2373 
2 5 5604 194 5551 580 2489 
1 3 2267 3597 1200 
1 4 3174 2538 774 2267 
1 3 1200 946 1830 
2 3 2489 1266 2942 
1 4 2489 5531 637 2245 
1 5 2245 777 2340 3149 1830 
1 5 5507 2313 2939 5518 2038 
1 4 1296 5479 2217 50 
1 6 1106 5619 2921 5612 947 2432 
1 3 1420 3136 2296 
1 4 6575 6556 6544 6525 
1 6 1204 4502 4279 4276 5688 245 
1 4 1238 4510 480 1204 
1 3 444 2198 4503 
1 5 4503 2869 223 5697 1585 
2 3 4293 4300 444 
1 5 4496 1944 704 896 4503 
1 4 4496 4280 5930 4281 
1 2 4281 1917 
1 4 2273 572 2751 243 
1 4 5945 5760 5757 302 
1 3 1237 4532 667 
1 3 667 4522 206 
1 4 3259 4319 4322 1904 
1 3 2455 3260 2380 
1 3 2253 4385 4383 
1 4 2253 4389 5762 243 
1 3 4307 4310 3259 
1 4 3250 1140 1294 2128 
1 5 2765 3850 1513 340 1920 
2 3 2831 3515 2841 
2 3 3207 537 3197 
2 3 615 3214 193 
1 4 224 120 1065 3150 
1 5 6101 6110 6127 2328 4892 
1 6 119 2185 1580 134 1003 949 
2 4 119 1192 6172 6152 
1 3 6184 6169 6152 
1 4 6152 6144 6154 6143 
1 4 1631 735 6448 6152 
1 5 6415 6418 469 6061 6050 
1 5 6050 6061 6064 6079 6094 
1 5 6094 6107 6117 6118 6115 
1 4 6115 6108 6106 6101 
2 5 1631 6433 1191 6420 6415 
2 6 2901 6383 5983 5988 5999 2416 
2 4 2901 1470 5977 2493 
2 4 2901 5984 5990 5998 
1 5 5998 6011 1530 6014 1576 
1 3 1576 457 2416 
2 5 5998 6002 6000 2071 6392 
1 7 6392 6390 6388 6384 5979 5975 2493 
2 6 6398 6395 1279 117 6007 6392 
2 5 6415 6406 825 6402 6398 
1 3 6279 6251 6234 
1 4 6234 6245 6241 6223 
1 3 6223 6201 6195 
1 5 6223 6201 6188 6171 6159 
1 4 6279 6291 6311 6326 
1 3 6326 6330 6336 
1 4 6314 6298 6287 6271 
1 3 6271 6262 6258 
1 3 6258 6250 6227 
1 4 6227 6220 6214 6191 
1 5 6191 6200 6202 6189 6182 
1 3 6191 6215 6233 
1 4 6159 6165 6180 6182 
1 4 6182 6206 6217 6234 
1 4 6233 6253 6265 6276 
1 5 6326 6312 6299 6290 6276 
1 4 6314 6296 6284 6276 
1 4 6336 6329 6321 6314 
1 5 6258 6246 6248 6236 6233 
1 5 6233 6218 6202 6189 6182 
1 6 6233 6237 6242 6238 6263 6279 
1 5 6276 6283 6282 6263 6279 
1 4 6911 6924 6393 2416 
1 4 6911 6899 6887 6881 
1 5 6058 6073 6078 6083 6085 
1 4 1846 2801 6170 6182 
1 3 1227 6443 1846 
1 4 6184 6194 6196 6195 
1 4 2116 2773 6216 1443 
1 3 2690 2046 2702 
1 4 2690 6381 6380 2124 
1 3 2702 6376 634 
1 3 1906 6345 6336 
1 4 6314 6310 1945 6319 
1 6 1906 6346 732 1552 2733 6319 
1 3 1343 2388 1242 
1 7 745 764 1899 1359 178 2824 1501 
1 3 745 2192 1343 
1 7 1422 749 1695 884 315 2540 1744 
1 3 714 991 1659 
1 4 1659 1974 6693 6771 
1 4 550 258 2269 1776 
1 6 550 1600 840 306 1833 2600 
1 4 2600 2060 911 368 
1 4 674 2646 2292 368 
1 5 1659 1729 1493 911 368 
1 8 714 2021 1858 467 1396 2142 1956 2658 
1 6 674 2653 1248 841 531 2658 
2 3 2064 2626 1660 
2 3 1660 1190 2146 
2 4 1660 1190 420 450 
2 4 1660 2625 1083 2629 
2 3 450 2323 2146 
2 5 2629 2638 252 1124 2064 
1 6 450 2584 162 1385 670 714 
1 4 2064 986 5823 1691 
1 3 1691 116 2658 
1 5 1691 2661 1224 1447 1641 
1 3 2629 479 700 
1 4 1641 1570 2652 700 
1 5 700 2042 2365 271 456 
1 4 1958 1984 2304 456 
1 6 1958 2068 1753 1102 2347 634 
1 3 2657 2099 2690 
1 8 2657 1097 6458 1496 1102 1753 2068 1958 
1 5 171 574 2430 1730 2657 
1 7 171 1933 683 1840 1711 1302 511 
1 6 171 1613 2352 2547 2118 1390 
1 4 511 2114 1503 2595 
1 4 2595 2079 1335 1529 
1 4 174 1615 1502 2583 
1 4 174 427 6661 6679 
1 4 174 2283 1239 2213 
1 4 1425 561 130 548 
1 4 548 2562 876 1794 
1 6 1794 2178 416 351 2666 2047 
1 2 3059 890 
1 3 3059 2123 282 
1 3 3059 1733 1133 
1 4 3059 319 2248 962 
1 6 890 93 1746 672 827 2111 
1 4 2111 1698 2656 1962 
1 3 321 1960 1383 
1 2 321 1435 
1 2 1928 1405 
1 5 1928 1672 90 482 579 
1 4 1928 1672 90 2579 
1 2 2579 1383 
1 4 579 175 304 1435 
1 3 1928 679 1606 
1 5 2460 1856 1270 1162 321 
1 4 870 2560 1320 2460 
1 5 2164 5 1668 356 2596 
1 3 16 1087 1501 
1 3 2301 1313 1356 
1 6 1343 651 1987 2879 103 374 
1 3 1821 822 374 
1 4 1023 1834 3053 374 
1 5 2301 2790 1661 1009 1501 
1 5 1422 2329 418 2849 1073 
1 5 1442 110 554 460 1179 
1 6 1242 1406 2175 1022 633 1179 
3 5 5966 5964 5962 5961 7133 
3 4 5966 5976 5980 7135 
1 3 759 242 7144 
3 3 5594 789 7143 
3 4 5594 2504 108 7137 
3 7 759 242 2190 1082 153 2441 5594 
3 9 759 5625 689 1972 5992 5985 5978 5973 5966 
3 5 878 1426 168 1705 7132 
3 6 5594 1900 1210 524 115 878 
3 4 5966 5960 1035 2398 
3 3 2398 1008 5585 
3 3 5585 2924 2315 
3 4 2315 2481 115 878 
3 5 2315 2481 1725 1900 5594 
3 4 2398 1228 2254 759 
3 5 5585 543 2379 1104 40 
3 5 39 1628 328 543 5585 
3 4 878 149 42 39 
3 7 5966 5964 5959 5955 1862 823 40 
3 4 39 655 2908 40 
3 4 5729 1429 1649 3814 
3 5 3814 3813 5701 1187 7146 
3 4 7141 1332 1596 3814 
3 7 3814 2240 3811 499 3818 396 7149 
3 5 5729 614 2339 3056 5725 
3 4 5729 1120 2139 322 
3 3 322 5741 5744 
3 4 322 2477 7013 7021 
3 5 5725 5723 5727 5732 1624 
3 3 1624 5737 95 
3 4 95 99 7017 7021 
3 5 7021 7029 6623 7081 7083 
3 4 7083 7089 7093 7204 
3 6 7083 7085 6625 6626 6631 7216 
3 5 7083 7084 7087 7088 7195 
2 4 7599 7596 7591 7583 
2 5 7583 7577 7575 7576 7569 
3 5 2263 3431 756 3428 4421 
1 2 7583 4454 
2 4 4076 4065 3902 5228 
2 5 5228 471 5256 1847 5274 
2 3 5182 5176 2720 
2 5 5182 5195 665 5213 5228 
2 5 5274 5277 4185 908 5273 
3 4 4198 2676 4195 4193 
3 4 4196 622 4201 4198 
2 3 4208 5319 4196 
2 3 371 2069 3403 
1 3 3403 84 4220 
4 4 371 5349 4399 4208 
1 5 1522 3412 3459 3460 3416 
1 3 3132 5340 5333 
3 5 7571 7560 7548 3465 1907 
2 4 1907 4417 3419 5383 
3 4 3415 1547 5386 5383 
2 5 3415 4412 5381 3409 7516 
2 4 1387 4414 5388 3415 
2 3 1387 7531 7539 
2 5 7539 7543 7549 7552 7562 
4 5 3415 5378 5372 5365 5359 
4 3 204 5350 5359 
2 4 7470 7486 7472 7473 
1 4 7470 7445 7431 7414 
1 4 7414 7396 7371 7354 
1 6 7422 7409 7408 7390 7374 7357 
1 3 7357 7327 7311 
1 4 7422 7410 7412 7392 
1 3 7261 7258 7263 
1 4 7310 7289 7279 7263 
4 2 5036 5049 
4 3 5042 376 5035 
4 3 530 5068 5042 
4 3 530 5106 5120 
4 4 5035 5031 2744 5043 
5 3 5296 5280 25 
5 4 25 5237 4395 5217 
3 6 5223 5214 1825 5221 5218 5217 
2 3 5217 180 5184 
5 4 1708 5267 5269 25 
5 5 5296 4396 5278 5279 1708 
5 5 5217 5234 1948 5267 1708 
5 5 5217 5207 5197 5186 831 
5 4 4391 2262 5183 831 
5 4 5270 5254 5240 4391 
3 3 3110 5285 5270 
5 4 1708 5271 5282 3110 
5 6 1708 3107 5260 932 5244 4391 
4 5 5294 5290 5286 2683 5270 
4 6 204 5337 5332 2667 5301 5294 
4 6 5294 5281 1251 5261 5243 4392 
3 6 4392 5208 5200 5180 5164 5157 
2 5 7354 7343 7330 7325 7312 
3 5 7312 7326 7338 7344 5211 
3 5 4392 5215 5225 5219 5211 
3 4 5151 5147 1339 5157 
2 3 7569 7564 7571 
3 6 4421 3427 5400 2608 3464 1907 
2 6 2720 1882 5168 5190 5201 5223 
4 4 5077 889 5049 5043 
4 5 4392 5230 4394 5250 5270 
3 4 5455 1999 1515 3670 
2 5 892 3364 3357 2399 1523 
2 3 1523 532 5455 
2 3 892 3367 431 
2 4 4076 3371 4153 4033 
2 6 4033 1803 4050 3454 4070 629 
2 5 431 2705 4015 3451 4033 
5 4 3953 2507 3970 1473 
5 4 43 2730 1116 3953 
2 3 3953 210 771 
3 4 5455 5454 5453 802 
3 4 7124 1010 1101 2041 
3 3 7124 6157 167 
3 4 167 1261 1859 1644 
3 3 1644 2816 2041 
3 7 2041 2558 1824 7130 7131 19 2942 
3 4 7508 7504 7490 7454 
1 4 7407 7427 7415 7438 
1 2 7441 7443 
1 4 7438 7457 7451 7443 
2 7 7209 7208 7206 7210 6303 954 1798 
1 4 624 6322 6309 1798 
1 5 1798 6285 297 854 6269 
2 4 3416 1333 3405 3403 
3 5 5296 3114 3130 3113 4196 
1 4 2078 1717 5797 3941 
1 3 3941 2695 441 
1 3 5809 5802 1607 
1 4 7 5778 2737 3279 
1 4 3279 782 1050 5945 
1 4 2272 4541 3333 302 
1 3 851 3869 1246 
1 3 1246 3276 844 
1 3 5945 2474 3867 
1 3 3867 3863 260 
1 4 3927 3926 2343 751 
1 4 3927 228 3278 3279 
1 3 5705 7681 2373 
1 4 3607 7674 5696 2373 
3 5 5439 1230 3541 3539 30 
2 3 30 3656 1327 
2 6 1327 5431 5426 3638 2534 3921 
4 5 3921 3618 2844 7690 2088 
3 3 3921 307 3616 
3 4 811 589 2319 3616 
3 4 1315 3621 575 811 
3 3 1315 215 3640 
2 5 3213 3631 3624 4744 1186 
2 4 5705 2120 5712 3617 
3 5 3617 5717 920 5719 1186 
1 3 993 1594 7678 
1 4 7678 781 7667 3174 
2 5 3633 7691 3629 1307 2088 
2 6 3633 833 3647 3532 1151 5439 
2 5 3633 1019 2126 1166 3213 
3 4 3633 2162 1584 3921 
2 6 1327 5431 2431 1199 3639 3633 
2 6 3660 1297 3657 3655 5436 1327 
2 3 1389 5952 3660 
2 4 3574 2778 3554 905 
3 4 5439 3544 3547 905 
1 3 3585 592 1043 
2 5 802 5451 2518 7282 1043 
2 3 1043 795 3588 
2 3 3529 5950 1381 
2 5 3616 1215 3610 3609 1352 
1 6 6085 6105 6100 6104 7016 7019 
1 7 2285 1810 7168 6140 44 6129 6112 
1 5 6972 6967 6964 6968 6973 
1 4 6223 6235 7176 7179 
1 5 7179 7183 7188 7189 7197 
1 3 7211 7224 6326 
1 4 7211 7201 7203 7197 
1 3 7197 7194 6279 
1 4 588 570 1971 6297 
1 7 7025 7037 7043 7051 7057 7067 7071 
1 3 6988 6981 6970 
1 6 6864 6861 6866 6879 6884 6882 
1 4 357 152 6423 528 
3 7 621 3380 4094 2681 842 4108 3383 
3 3 811 7682 993 
1 3 1565 937 4512 
1 4 195 3846 2788 1237 
1 4 195 5747 5749 302 
1 4 1442 1842 7693 7697 
1 8 6970 6966 6959 6950 7692 7695 7694 7697 
5 2 7149 7153 
1 2 7468 7607 
1 4 6777 6806 6820 7607 
5 2 7130 7131 
5 2 7195 7513 
5 2 7204 7321 
5 2 7216 7180 
5 2 7141 7134 
5 2 7146 7148 
5 2 7133 7630 
5 2 7135 7483 
5 2 7144 7192 
5 2 7143 7145 
5 2 7132 7125 
5 2 7608 7606 
5 2 3903 7142 
1 3 3271 2789 121 
1 3 121 4539 2272 
1 4 2272 4536 4527 3261 
1 6 2253 4384 1643 5944 183 121 
1 3 4292 4302 4307 
1 3 2455 3318 1565 
1 3 3259 4319 3218 
1 4 3259 1088 934 2197 
1 3 2795 3327 1904 
1 5 2380 4327 2056 239 1904 
1 4 969 4347 1742 2025 
1 3 2197 4354 969 
1 6 969 4370 3245 1923 3332 999 
1 4 2795 1483 3332 999 
1 4 4891 4872 4854 4832 
1 5 4832 3219 4826 4849 4840 
1 5 4897 4904 877 4896 4891 
1 5 555 1272 4718 4711 4695 
1 9 4786 4782 4778 2842 1542 2855 4710 4692 1954 
1 4 4691 4693 3200 4739 
1 4 4691 2028 661 1560 
1 7 4695 4681 4670 4662 4638 5418 80 
1 4 4695 4709 660 4719 
1 4 4769 2202 4741 4719 
1 3 3240 2030 71 
1 5 3240 4910 4913 598 4895 
1 4 4887 4881 4894 4895 
1 4 5008 4986 4980 4968 
1 4 3258 1988 3266 2380 
1 3 444 4297 1565 
1 4 4292 4286 1977 4293 
1 4 2765 7662 1484 1246 
1 3 1920 3838 2819 
1 4 260 2361 5748 4553 
1 5 4553 3847 4549 1481 323 
1 4 195 5745 5746 4553 
1 3 2709 765 7 
1 5 7 3881 1635 5777 755 
1 4 2003 219 3880 755 
1 5 2476 620 5525 1836 1420 
1 4 2476 5554 5583 2432 
1 5 3157 5633 5623 5607 2432 
1 5 224 5631 3156 5659 3157 
1 5 3142 2937 2232 5511 1420 
1 5 3142 2179 5514 5501 50 
1 4 5507 1001 5491 50 
1 4 6578 6594 2947 5471 
1 3 5471 1578 2296 
1 4 6575 6605 148 5473 
1 5 5473 918 41 3138 1032 
1 5 5489 83 5509 5512 2038 
1 3 1662 4584 4591 
1 3 3132 914 5363 
1 4 3132 5343 5331 4398 
1 3 3132 5341 1463 
1 5 4968 4982 4972 4957 4939 
1 7 551 4836 4857 4874 921 4917 4939 
1 7 2771 778 1815 4940 4918 4925 3240 
1 4 4689 4703 4708 4719 
1 5 4778 4796 4809 4822 4832 
1 4 4835 2033 4859 4872 
1 6 555 4755 1926 11 2486 4835 
1 4 1346 4808 4819 4838 
1 4 4591 3170 4596 4611 
1 5 1662 4582 408 4592 138 
1 5 1135 4589 838 4596 4611 
1 8 4611 184 647 4621 1763 4643 4667 1954 
1 5 1135 2906 881 4580 5639 
1 6 4592 2530 4602 1710 3176 4615 
1 5 1135 1505 1254 185 4558 
1 4 71 4877 1469 4846 
1 4 4897 4889 4899 71 
1 4 3237 3227 2112 4840 
1 7 4891 4908 4936 2782 3665 730 4990 
1 5 4807 4787 2840 1275 4739 
1 5 5022 5013 5017 576 5008 
1 3 1075 4996 4974 
1 3 4974 46 4936 
