1 2 
1 4 
1 7 
1 16 
1 25 
1 30 
1 39 
1 40 
1 43 
1 48 
1 50 
1 61 
1 71 
1 77 
1 80 
1 87 
1 95 
1 119 
1 121 
1 126 
1 138 
1 147 
1 155 
1 158 
1 167 
1 171 
1 172 
1 173 
1 174 
1 193 
1 195 
1 202 
1 204 
1 206 
1 213 
1 220 
1 224 
1 230 
1 240 
1 243 
1 245 
1 260 
1 267 
1 282 
1 302 
1 303 
1 321 
1 322 
1 323 
1 337 
1 349 
1 357 
1 368 
1 371 
1 374 
1 398 
1 406 
1 415 
1 431 
1 441 
1 444 
1 450 
1 456 
1 463 
1 468 
1 484 
1 511 
1 528 
1 530 
1 533 
1 547 
1 548 
1 550 
1 551 
1 555 
1 579 
1 588 
1 590 
1 615 
1 621 
1 623 
1 624 
1 629 
1 634 
1 659 
1 667 
1 674 
1 700 
1 714 
1 726 
1 738 
1 745 
1 751 
1 752 
1 753 
1 755 
1 759 
1 771 
1 775 
1 785 
1 802 
1 811 
1 831 
1 844 
1 851 
1 852 
1 863 
1 870 
1 878 
1 890 
1 892 
1 905 
1 913 
1 919 
1 949 
1 962 
1 969 
1 990 
1 993 
1 999 
1 1023 
1 1028 
1 1032 
1 1043 
1 1046 
1 1073 
1 1075 
1 1106 
1 1113 
1 1115 
1 1122 
1 1133 
1 1135 
1 1146 
1 1167 
1 1169 
1 1179 
1 1184 
1 1186 
1 1200 
1 1204 
1 1209 
1 1220 
1 1227 
1 1237 
1 1238 
1 1242 
1 1246 
1 1253 
1 1254 
1 1296 
1 1308 
1 1310 
1 1315 
1 1327 
1 1343 
1 1352 
1 1356 
1 1367 
1 1379 
1 1381 
1 1383 
1 1387 
1 1389 
1 1390 
1 1405 
1 1420 
1 1422 
1 1425 
1 1428 
1 1435 
1 1442 
1 1443 
1 1455 
1 1463 
1 1466 
1 1473 
1 1489 
1 1501 
1 1519 
1 1520 
1 1522 
1 1523 
1 1529 
1 1550 
1 1554 
1 1558 
1 1560 
1 1565 
1 1569 
1 1576 
1 1585 
1 1602 
1 1606 
1 1607 
1 1624 
1 1631 
1 1632 
1 1641 
1 1644 
1 1659 
1 1660 
1 1662 
1 1681 
1 1688 
1 1691 
1 1708 
1 1713 
1 1732 
1 1744 
1 1759 
1 1764 
1 1775 
1 1776 
1 1780 
1 1794 
1 1798 
1 1804 
1 1807 
1 1812 
1 1821 
1 1830 
1 1846 
1 1853 
1 1868 
1 1888 
1 1904 
1 1906 
1 1907 
1 1917 
1 1919 
1 1920 
1 1922 
1 1928 
1 1932 
1 1954 
1 1958 
1 1962 
1 2003 
1 2020 
1 2025 
1 2027 
1 2038 
1 2044 
1 2047 
1 2053 
1 2054 
1 2064 
1 2078 
1 2088 
1 2111 
1 2116 
1 2124 
1 2128 
1 2146 
1 2164 
1 2197 
1 2213 
1 2222 
1 2245 
1 2253 
1 2263 
1 2267 
1 2272 
1 2273 
1 2278 
1 2285 
1 2290 
1 2296 
1 2299 
1 2301 
1 2315 
1 2362 
1 2369 
1 2373 
1 2374 
1 2380 
1 2398 
1 2416 
1 2432 
1 2453 
1 2455 
1 2460 
1 2473 
1 2476 
1 2489 
1 2493 
1 2496 
1 2532 
1 2566 
1 2579 
1 2583 
1 2595 
1 2596 
1 2600 
1 2624 
1 2628 
1 2629 
1 2637 
1 2657 
1 2658 
1 2668 
1 2690 
1 2698 
1 2702 
1 2709 
1 2716 
1 2720 
1 2755 
1 2760 
1 2765 
1 2768 
1 2771 
1 2779 
1 2795 
1 2812 
1 2819 
1 2822 
1 2829 
1 2831 
1 2833 
1 2841 
1 2901 
1 2942 
1 3050 
1 3058 
1 3059 
1 3070 
1 3092 
1 3102 
1 3110 
1 3122 
1 3127 
1 3132 
1 3142 
1 3150 
1 3157 
1 3158 
1 3160 
1 3166 
1 3174 
1 3177 
1 3184 
1 3193 
1 3197 
1 3207 
1 3213 
1 3218 
1 3237 
1 3240 
1 3250 
1 3258 
1 3259 
1 3261 
1 3271 
1 3279 
1 3300 
1 3303 
1 3312 
1 3366 
1 3383 
1 3403 
1 3415 
1 3416 
1 3424 
1 3471 
1 3494 
1 3495 
1 3514 
1 3529 
1 3574 
1 3585 
1 3588 
1 3616 
1 3617 
1 3633 
1 3640 
1 3660 
1 3670 
1 3680 
1 3814 
1 3822 
1 3866 
1 3867 
1 3878 
1 3903 
1 3921 
1 3927 
1 3939 
1 3941 
1 3946 
1 3953 
1 3967 
1 3987 
1 4033 
1 4076 
1 4144 
1 4193 
1 4196 
1 4197 
1 4198 
1 4208 
1 4220 
1 4225 
1 4257 
1 4281 
1 4292 
1 4293 
1 4307 
1 4365 
1 4383 
1 4391 
1 4392 
1 4398 
1 4421 
1 4496 
1 4503 
1 4512 
1 4553 
1 4558 
1 4565 
1 4578 
1 4591 
1 4611 
1 4613 
1 4615 
1 4616 
1 4651 
1 4689 
1 4691 
1 4695 
1 4715 
1 4719 
1 4739 
1 4769 
1 4786 
1 4802 
1 4807 
1 4818 
1 4832 
1 4835 
1 4838 
1 4840 
1 4846 
1 4857 
1 4864 
1 4887 
1 4891 
1 4892 
1 4895 
1 4897 
1 4936 
1 4939 
1 4958 
1 4968 
1 4974 
1 5005 
1 5008 
1 5022 
1 5032 
1 5035 
1 5036 
1 5038 
1 5042 
1 5043 
1 5046 
1 5054 
1 5077 
1 5096 
1 5103 
1 5120 
1 5125 
1 5151 
1 5157 
1 5182 
1 5184 
1 5211 
1 5217 
1 5223 
1 5228 
1 5270 
1 5273 
1 5274 
1 5294 
1 5296 
1 5333 
1 5359 
1 5363 
1 5383 
1 5439 
1 5455 
1 5471 
1 5473 
1 5489 
1 5507 
1 5535 
1 5585 
1 5594 
1 5604 
1 5609 
1 5643 
1 5705 
1 5725 
1 5729 
1 5744 
1 5787 
1 5809 
1 5876 
1 5892 
1 5919 
1 5945 
1 5966 
1 5998 
1 6050 
1 6058 
1 6069 
1 6085 
1 6094 
1 6101 
1 6112 
1 6115 
1 6143 
1 6152 
1 6159 
1 6182 
1 6184 
1 6191 
1 6195 
1 6223 
1 6227 
1 6233 
1 6234 
1 6258 
1 6269 
1 6271 
1 6276 
1 6279 
1 6297 
1 6314 
1 6319 
1 6323 
1 6326 
1 6336 
1 6368 
1 6392 
1 6398 
1 6403 
1 6415 
1 6416 
1 6419 
1 6483 
1 6489 
1 6497 
1 6507 
1 6525 
1 6535 
1 6536 
1 6542 
1 6567 
1 6575 
1 6577 
1 6578 
1 6588 
1 6592 
1 6613 
1 6615 
1 6622 
1 6654 
1 6671 
1 6677 
1 6679 
1 6683 
1 6729 
1 6753 
1 6767 
1 6771 
1 6773 
1 6777 
1 6783 
1 6791 
1 6807 
1 6811 
1 6864 
1 6881 
1 6882 
1 6911 
1 6918 
1 6933 
1 6970 
1 6972 
1 6973 
1 6988 
1 7019 
1 7021 
1 7025 
1 7052 
1 7071 
1 7083 
1 7102 
1 7117 
1 7125 
1 7132 
1 7133 
1 7134 
1 7135 
1 7137 
1 7142 
1 7143 
1 7144 
1 7145 
1 7148 
1 7149 
1 7153 
1 7154 
1 7179 
1 7180 
1 7192 
1 7197 
1 7209 
1 7211 
1 7216 
1 7233 
1 7238 
1 7261 
1 7263 
1 7273 
1 7275 
1 7310 
1 7311 
1 7312 
1 7321 
1 7341 
1 7354 
1 7356 
1 7357 
1 7362 
1 7376 
1 7392 
1 7407 
1 7414 
1 7417 
1 7422 
1 7438 
1 7441 
1 7454 
1 7463 
1 7468 
1 7470 
1 7473 
1 7483 
1 7492 
1 7508 
1 7513 
1 7516 
1 7538 
1 7539 
1 7559 
1 7562 
1 7569 
1 7571 
1 7583 
1 7599 
1 7606 
1 7607 
1 7608 
1 7630 
1 7678 
1 7697 
